0.31124666666666634,5.4289791304347839,23.097374444444444,97.013856666666655
0.26383772222222207,4.5232939285714293,22.253222000000001,97.505963333333327
0.26806049999999992,4.8876337931034461,24.18066555555556,99.919846666666672
0.34424718085106376,6.6185566666666666,28.669081428571424,103.18939999999999
0.3463825133689839,5.6656445454545468,21.773522222222226,95.822392499999992
0.38499433862433885,6.1174230000000005,22.175319999999999,100.67266749999999
0.37895698412698403,6.0917571428571424,22.460777777777778,104.4592825
0.39824484210526329,7.0898795454545454,25.453869999999998,108.2600175
0.3695727807486629,6.3132554166666681,24.845395,110.46263499999999
0.40319489473684222,6.9200490909090897,25.547028571428573,113.214795
0.4371426178010473,7.7930336363636368,28.575516666666662,119.09062
